,Mobility,ArmSwelling,BreastSwelling,Skin,PAS,FHT,DISCOMFORT,SYM_COUNT,ChestWallSwelling,TIME_LAPSE_LOG,Lymphedema_Dx
1,2,3,2.0,2,1,3,2,13,2,2.1972245773362196,0
15,2,1,2.0,0,2,2,2,16,0,0.6931471805599453,0
17,4,4,0.0,1,3,4,4,19,1,3.6888794541139363,0
19,1,3,0.0,0,3,3,3,13,0,0.6931471805599453,0
28,3,1,0.0,0,2,0,2,12,0,0.0,0
29,1,1,2.0,3,3,3,3,18,3,1.791759469228055,0
36,3,0,0.0,0,3,3,3,11,0,0.6931471805599453,0
37,2,0,0.0,0,4,4,3,13,0,0.6931471805599453,0
40,2,0,2.0,2,1,2,3,15,2,0.0,0
41,1,0,0.0,1,0,1,2,9,1,1.3862943611198906,0
45,0,3,0.0,0,0,0,0,1,0,3.1780538303479458,1
48,1,1,1.0,0,1,2,2,14,0,-0.6931471805599453,0
55,2,2,0.0,0,3,2,3,12,0,2.70805020110221,0
65,2,1,0.0,0,2,1,2,9,0,0.4054651081081644,0
67,1,1,0.0,0,0,2,4,6,0,1.9459101490553132,0
69,1,1,0.0,0,0,1,2,7,0,0.9162907318741551,0
72,2,1,0.0,1,3,4,3,17,1,0.0,0
78,1,0,0.0,0,0,0,1,5,0,1.3862943611198906,1
81,3,0,0.0,0,3,3,3,17,0,1.6094379124341003,0
84,3,1,1.0,1,3,2,3,18,1,0.4054651081081644,0
86,0,0,1.0,1,0,2,3,11,1,0.0,0
88,0,4,0.0,0,4,4,4,10,0,1.6094379124341003,0
90,2,1,0.0,2,3,2,4,17,2,0.4054651081081644,0
92,3,0,1.0,0,1,1,1,7,0,1.6094379124341003,1
94,1,1,0.0,1,2,1,4,18,1,0.0,0
97,1,1,0.0,1,1,2,2,17,1,1.5040773967762742,0
101,3,2,2.0,0,3,3,3,19,0,-0.6931471805599453,0
103,1,2,0.0,0,0,0,0,2,0,2.4849066497880004,0
104,1,1,0.0,0,0,1,3,10,0,1.252762968495368,0
113,1,3,0.0,0,1,3,3,13,0,3.258096538021482,0
116,1,0,0.0,0,0,2,3,12,0,1.9459101490553132,0
123,2,3,0.0,0,3,4,4,16,0,0.9162907318741551,0
127,1,1,1.0,0,2,2,2,17,0,0.0,0
128,3,2,2.0,1,1,3,3,23,1,0.6931471805599453,0
129,2,0,0.0,0,2,0,2,9,0,1.252762968495368,0
133,0,3,1.0,0,0,1,3,8,0,0.6931471805599453,0
136,0,0,0.0,2,0,3,2,5,2,0.0,1
143,0,2,0.0,0,2,3,3,6,0,1.6094379124341003,0
150,2,0,1.0,0,3,4,4,15,0,0.0,0
157,1,0,2.0,0,2,2,1,14,0,0.0,0
158,2,2,0.0,0,2,4,4,19,0,0.9162907318741551,0
165,0,0,1.0,0,2,1,2,10,0,0.4054651081081644,0
168,1,0,1.0,1,1,2,1,11,1,0.9162907318741551,0
171,1,0,0.0,0,0,0,4,6,0,0.0,1
173,1,0,0.0,0,1,3,4,13,0,0.0,0
176,3,2,0.0,0,2,0,3,10,0,0.6931471805599453,0
177,1,0,1.0,1,2,1,3,10,1,1.0986122886681098,0
182,1,0,0.0,0,3,3,3,8,0,0.0,1
186,1,0,2.0,0,1,2,1,11,0,0.0,0
190,3,0,0.0,2,4,4,4,19,2,0.0,0
200,2,3,0.0,0,3,3,3,14,0,-0.6931471805599453,0
203,0,2,1.0,0,2,2,4,12,0,0.0,0
207,3,2,0.0,0,0,2,2,7,0,0.6931471805599453,0
209,3,2,2.0,2,2,4,3,16,2,0.4054651081081644,0
211,1,2,0.0,0,4,4,4,17,0,1.0986122886681098,0
215,4,3,1.0,2,4,3,3,24,2,2.302585092994046,0
216,2,2,2.0,2,4,2,4,20,2,0.0,0
217,0,0,0.0,0,1,4,2,7,0,1.3862943611198906,1
219,3,0,0.0,0,4,4,4,10,0,0.4054651081081644,0
221,0,1,1.0,2,0,2,2,11,2,1.791759469228055,0
224,1,1,0.0,0,1,1,2,8,0,0.4054651081081644,0
229,0,3,3.0,3,3,3,3,17,3,1.3862943611198906,0
235,0,2,0.0,0,0,1,1,7,0,0.0,0
239,1,1,0.0,0,0,1,1,6,0,-0.6931471805599453,0
242,0,0,1.0,0,1,1,1,6,0,1.3862943611198906,1
246,1,2,0.0,2,0,2,3,20,2,0.0,0
249,3,0,0.0,1,4,4,4,13,1,0.6931471805599453,0
250,2,2,0.0,0,0,0,3,8,0,0.4054651081081644,0
253,2,1,3.0,0,1,3,3,15,0,0.0,0
258,3,3,2.0,2,3,3,3,23,2,1.3862943611198906,0
259,1,1,3.0,2,2,3,3,19,2,0.6931471805599453,0
262,1,0,0.0,1,1,1,1,13,1,0.0,0
268,0,2,0.0,0,1,2,3,12,0,1.9459101490553132,0
269,4,3,0.0,3,4,3,4,19,3,-0.6931471805599453,0
270,3,2,0.0,0,4,0,3,14,0,1.3862943611198906,0
283,2,0,0.0,0,4,3,4,13,0,2.0794415416798357,0
285,1,0,0.0,0,1,2,2,10,0,0.0,0
286,0,1,0.0,0,0,1,1,6,0,2.6390573296152584,0
288,2,0,0.0,0,3,2,3,9,0,0.0,0
289,3,2,2.0,0,3,2,2,17,0,-0.6931471805599453,0
290,1,0,0.0,0,0,1,1,10,0,0.0,0
291,0,1,0.0,0,0,1,1,8,0,0.0,0
295,0,1,0.0,0,2,2,1,9,0,1.0986122886681098,0
302,2,2,1.0,3,3,3,3,18,3,2.5649493574615367,0
303,2,0,0.0,0,2,3,4,12,0,1.791759469228055,0
311,1,1,0.0,0,0,2,2,13,0,-0.6931471805599453,0
312,0,0,2.0,0,0,1,2,6,0,0.0,0
313,0,0,1.0,0,1,1,1,10,0,0.6931471805599453,0
314,2,1,0.0,0,0,2,3,12,0,0.0,0
316,3,1,0.0,0,0,0,2,7,0,3.332204510175204,0
317,2,0,0.0,0,2,1,2,11,0,0.0,0
325,3,1,1.0,1,4,3,4,21,1,2.0794415416798357,0
